[1] "These are the stops with scheduling volatility that should be reviewed."
   volatile_stops
1            9820
2           16905
3           19415
4           21945
5           23920
6           10685
7           14005
8           14365
9           23080
10          58140
11          70540
12          73425
13          14655
14          14475
15          11250
16           8510
17           8255
18           9350
19          15770
20          17500
21          17730
22          13765
23          14765
24          17290
25          17266
26          18860
27          23665
28           2035
29           2605
30           2020
31           2175
32          50650
33          18795
34          22265
35          22665
36          23215
37          18555
38          15385
39          16045
40          58150
